0,310
0,305
0,396
0,308
0,307
0,302
0,304
0,303
0,12
0,561
0,10
0,8
0,0
0,399
0,507
0,300
0,549
0,506
0,299
0,505
0,526
0,298
0,504
0,478
0,297
0,503
0,414
0,296
0,436
0,378
0,295
0,560
0,444
0,294
0,359
0,432
0,293
0,431
0,439
0,292
0,429
0,486
0,291
0,438
0,426
0,290
0,539
0,573
0,289
0,397
0,425
0,288
0,572
0,424
0,287
0,437
0,423
0,286
0,538
0,523
0,285
0,552
0,420
0,284
0,500
0,354
0,283
0,499
0,510
0,282
0,498
0,357
0,281
0,551
0,492
0,280
0,389
0,416
0,279
0,415
0,479
0,278
0,413
0,362
0,277
0,384
0,410
0,276
0,559
0,412
0,275
0,430
0,409
0,274
0,417
0,407
0,273
0,318
0,406
0,272
0,558
0,450
0,271
0,535
0,405
0,270
0,493
0,570
0,269
0,537
0,268
0,380
0,402
0,267
0,547
0,509
0,266
0,555
0,501
0,265
0,491
0,400
0,264
0,546
0,569
0,263
0,563
0,458
0,262
0,398
0,372
0,261
0,524
0,490
0,260
0,564
0,394
0,259
0,393
0,543
0,258
0,391
0,469
0,257
0,418
0,388
0,256
0,377
0,522
0,255
0,441
0,387
0,254
0,548
0,386
0,253
0,440
0,385
0,252
0,487
0,567
0,251
0,485
0,434
0,250
0,521
0,453
0,249
0,520
0,456
0,248
0,381
0,468
0,247
0,379
0,556
0,246
0,489
0,376
0,245
0,375
0,392
0,244
0,373
0,483
0,242
0,518
0,370
0,241
0,484
0,557
0,240
0,495
0,369
0,239
2,0
2,3
2,6
2,9
2,12
2,13
2,15
2,16
3,0
3,3
7,0
7,3
7,4
14,1
16,0
16,1
18,0
18,1
21,0
21,1
24,0
24,3
24,4
24,6
24,5
24,1
21,3
18,3
16,3
14,3
14,0
7,1
3,1
2,17
2,14
2,11
2,4
2,1
1,3
1,1
1,0
0,575
0,562
0,545
0,532
0,454
0,364
0,351
0,342
0,322
0,395
0,368
0,238
0,401
0,367
0,237
0,528
0,482
0,236
0,452
0,366
0,235
0,516
0,361
0,234
0,515
0,365
0,233
0,459
0,363
0,232
0,554
0,460
0,231
0,542
0,477
0,230
0,476
0,529
0,229
0,475
0,344
0,228
0,474
0,550
0,227
0,514
0,568
0,226
0,473
0,455
0,225
0,496
0,356
0,224
0,355
0,470
0,223
0,353
0,541
0,222
0,371
0,350
0,221
0,513
0,358
0,220
0,404
0,349
0,219
0,433
0,348
0,218
0,519
0,347
0,217
0,383
0,467
0,216
0,471
0,346
0,215
0,465
0,382
0,214
0,464
0,508
0,213
0,534
0,343
0,212
0,463
0,211
0,341
0,462
0,210
0,461
0,488
0,209
0,512
0,421
0,208
0,428
0,340
0,207
0,345
0,339
0,206
0,457
0,338
0,205
0,427
0,337
0,204
0,435
0,336
0,203
0,451
0,335
0,202
0,419
0,334
0,201
0,536
0,333
0,200
0,472
0,332
0,199
0,422
0,331
0,198
0,525
0,330
0,197
0,517
0,329
0,196
0,481
0,328
0,195
0,403
0,327
0,194
0,447
0,326
0,193
0,448
0,325
0,192
0,497
0,324
0,63
0,527
0,323
0,62
0,544
0,321
0,61
0,360
0,320
0,60
0,530
0,502
0,59
0,553
0,533
0,58
0,574
0,319
0,57
0,446
0,317
0,56
0,445
0,531
0,55
0,540
0,316
0,54
0,411
0,442
0,53
0,511
0,374
0,52
0,480
0,315
0,51
0,566
0,314
0,50
0,565
0,313
0,49
0,449
0,312
0,48
0,443
0,311
0,47
0,466
0,309
0,46
0,352
0,306
0,45
0,571
0,301
0,6
0,5
0,1
0,390
0,11
0,4
0,2
0,3
0,7
